7
75249 50073 43658 8930
11272 27544 50878 77923
37709 64440 38165 84492
43042 7987 22503 82327
31729 78840 42612 44303
33169 17709 97157 29560
70933 93099 80278 51816
35
99097 7826 13512 29267
23810 77633 80979 79149
36579 58821 11967 10672
1393 19336 25485 91745
25228 94091 40194 86357
35001 21153 16708 57944
15668 71490 88124 2196
9530 60903 27722 54666
28549 18024 97801 6853
40977 47408 8228 74933
60298 38981 28635 8013
23865 89814 39063 54536
39425 1669 24115 20094
75629 46501 46517 34195
30105 10404 19451 94298
82188 21123 99505 46882
6752 31566 36716 30337
54438 53144 51501 44897
83871 55828 11137 19358
53177 82397 22294 77904
21609 46231 59745 44175
53635 66298 98142 80399
27968 90412 260 73557
41594 88008 16395 25968
19113 4530 71006 10962
97942 85365 42082 79852
30767 33821 85695 24712
73671 59901 48590 24831
14738 53057 31616 19790
55640 10679 37335 77006
97972 36098 49095 75319
83454 45223 12289 56760
48905 86126 36123 29506
45813 76770 35238 29094
96220 87844 12366 40534
26
15394 41363 18738 7844
59590 36550 45159 8623
64947 97385 7217 95272
55539 99247 42385 13496
94885 40623 82420 28144
31968 35735 99915 61625
63534 46042 96011 54679
24152 75244 77295 78818
90396 87692 1815 12991
40033 22669 19397 89553
10547 75825 21210 29662
30211 33808 73377 22761
625 37335 1868 77995
2776 62767 97439 29874
89331 40556 56301 68872
560 20094 18984 13755
39789 51407 28015 30193
22769 15680 3455 16855
67506 70963 33502 86676
63108 63249 2331 77844
87638 60808 39997 28651
54849 45203 95731 96531
98014 95419 36775 42009
30180 87929 95223 44054
88260 76737 91545 47317
37525 4200 34256 21564
97
6648 37704 25550 25150
41976 1412 38554 82797
2504 48381 34748 7065
59378 47699 78209 25129
78553 65483 50447 64607
80773 45322 64305 55176
70053 27224 84630 80366
5400 60444 95370 70285
83016 93898 8155 41133
15557 96576 53178 58266
87357 21711 27878 20614
74819 95737 83133 20591
23720 48762 6633 76197
76031 38588 60589 54873
98877 37304 79358 61200
77254 68960 14915 93947
45480 7730 69955 74546
37107 41238 40000 84926
45035 74857 61113 50114
29593 1360 98354 68418
25357 42585 13729 21015
76563 6102 60917 86643
19419 62967 47747 45269
55395 23303 4473 19103
11748 24385 5658 63459
45406 73930 39824 85132
973 59603 46897 7920
3950 35231 88480 20203
13900 24520 62533 81258
17003 18676 20950 23934
58780 79879 41832 82574
33549 74542 6249 52771
66310 15879 983 69970
92040 82723 73650 2971
53229 90318 17746 10299
87230 85621 70776 50124
68244 76958 47696 66771
29064 91560 56598 18751
69940 64503 89551 92801
27205 15080 80418 59274
59649 40413 83320 19025
22012 1783 54788 24117
24008 81550 65324 19195
51257 24511 35690 38666
62410 60593 90553 9565
90960 28742 51403 54352
7307 56141 44910 13200
92799 43127 20171 57787
34414 31625 16641 19517
55348 1842 14315 15974
81445 11373 72220 39911
9239 45054 41305 56929
82253 54189 15166 4356
59304 59860 45898 5592
1720 66116 51580 98867
49352 26939 78698 94901
60811 16616 56891 48671
31728 26671 51661 77045
3120 20240 17158 99453
69627 85350 53711 35563
29594 7533 1727 7827
98795 19531 37442 51516
85006 78515 66924 42601
27097 68661 67103 34324
80108 44936 2281 17015
43710 63216 1905 75973
67781 82720 70791 81169
97865 15827 29536 16728
57125 20384 80167 89949
476 16046 21576 68666
77467 60520 27384 41991
25210 33258 28211 68744
19518 85718 21934 66825
80767 58689 49818 73014
11825 2918 58028 33029
78034 6727 51240 33754
86540 8396 90935 3083
48048 46865 87011 15252
53064 77876 17237 32675
70245 82710 70415 28192
24710 54747 63037 1299
68447 49715 41693 59579
67129 95164 33979 53501
95525 10289 74958 14033
11800 65089 87670 35217
80846 21038 9543 40338
85936 3321 97719 36496
91247 43788 28359 25987
45035 65235 83912 85684
45989 83784 63734 22667
519 72615 67045 65976
26661 65825 82819 71631
22903 72698 36798 92639
14004 9503 679 48765
7391 4107 64924 14365
57121 14454 77106 27450
51703 30832 71032 32141
54
81977 42217 53900 57289
73465 84747 3622 89879
59317 1516 64048 82762
21029 49039 52708 5903
2657 10761 75752 61466
8621 44557 6996 26955
66930 21494 45555 92221
29312 2293 31427 42232
77444 34791 2198 49152
44856 73570 64303 27439
12914 35799 26766 91835
81921 46043 22752 74086
89719 39150 68410 18623
44669 9605 49943 37311
22431 77992 39816 38699
86971 80639 1370 25836
79891 82857 94833 83328
18177 74410 17683 85176
23489 72091 70434 84711
26904 91026 64891 10790
522 59364 6890 24884
16813 41441 7127 16179
85784 94537 29870 87561
32581 74165 45802 57732
67332 47854 59759 9847
72377 40462 79010 43819
98150 13377 941 43836
26720 32299 96112 34759
19956 74390 36152 30048
95014 59044 14918 40150
50101 41295 19821 95731
44501 28245 54961 46057
3510 93928 50805 62173
82137 9669 39096 4503
47421 18675 78518 24300
76489 40262 32054 68263
58643 24889 45250 76735
69415 31364 52494 50963
67758 85652 85092 57316
66714 61420 58060 7450
63368 78741 91847 99196
4787 2501 88234 93128
70571 77448 87875 17253
41871 69329 62293 33719
73471 38820 25764 81079
42630 94410 88080 66113
63342 98138 48382 46044
98828 98393 63575 980
9000 45596 5947 67370
66087 6543 52733 62852
90261 76824 54400 82380
70778 71857 73423 59498
67014 52845 61662 68509
26610 96849 9218 19290
0
